Baldwin                   2171.18055 -20.87098 0.761915 19.2 22.1
Bellmore                  1813.78526 -33.18658 0.960000    M 18.6
Bellmore - Merrick        2522.39673 -20.94512 0.949851 23.1    M
Bethpage                  1454.13862 -26.71606 0.934959 18.6 20.0
Carle Place               1003.18138 -25.35590 0.884642 16.6 21.7
East Meadow               2087.08864  -8.23492 0.887994 21.7 21.8
East Rockaway             1950.03006 -31.16607 0.939876 15.8 19.8
East Williston            1049.06245 -18.56120 0.894699 17.3 22.1
Elmont                    2080.48985  11.44763 0.445925    M 23.0
Farmingdale               1999.51500 -25.28701 0.860926 22.6 21.5
Floral Park                985.35104  -1.58333 0.897668    M 21.2
Franklin Square           1461.08941  -3.92580 0.884591    M 18.4
Freeport                  3353.88359  -6.53004 0.280866 20.5 23.3
Garden City                802.38058 -33.61306 0.934834 20.8 22.1
Glen Cove                 1295.53176 -25.03693 0.590847 21.4 19.4
Great Neck                 936.15605 -34.08252 0.811815 21.6 20.1
Hempstead                 4822.45607  34.54548 0.003876 24.1 21.6
Herricks                  1377.46999 -17.22987 0.703963 21.4 22.6
Hewlett - Woodmere        1114.88227 -24.80648 0.899750 21.6 22.9
Hicksville                1422.98622 -31.84878 0.795909 21.3 19.8
Island Park               1494.73871 -18.33778 0.871795    M 18.5
Island Trees              3367.20973 -13.72291 0.921587 22.0 19.6
Jericho                   1038.23119 -36.36158 0.878997 20.2 22.0
Lawrence                  1458.43342 -27.12733 0.731793 22.6 20.2
Levittown                 3004.48881 -11.03951 0.939869 21.9 21.5
Locust Valley             1054.69484 -22.56311 0.911841 22.0 19.6
Long Beach                1587.50470 -24.74878 0.632924 20.9 21.5
Lynbrook                  1097.32896 -22.04313 0.914978 22.8 21.7
Malverne                  2378.09191  -2.33634 0.400660 21.5 21.1
Manhasset                 1014.95650 -27.38187 0.795828 20.1 19.8
Massapequa                2059.17760 -25.16039 0.975891 18.6 20.6
Merrick                   1668.12960 -22.34513 0.967450    M 22.0
Mineola                   1162.67281 -27.42883 0.823994 18.6 20.7
New Hyde Park              709.67317 -23.83849 0.799532    M 21.4
North Bellmore            1775.49213 -21.11285 0.926866    M 20.9
North Merrick             1977.62555  -2.31783 0.916885    M 22.3
North Shore               1214.92292 -23.70098 0.934509 17.4 16.4
Oceanside                 1586.76008 -14.86320 0.927985 19.3 22.4
Oyster Bay - East Norwich 1135.13598 -35.53844 0.851593 16.2 23.5
Plainedge                 2528.48191 -17.38124 0.954965 22.6 21.4
Plainview - Old Bethpage  1724.99174 -31.74577 0.947865 19.3 21.8
Port Washington           1170.98014 -22.61337 0.706746 18.8 19.3
Rockville Centre          1255.10599 -18.34864 0.830915 21.2 20.8
Roosevelt                 6130.32571  37.80467 0.002689 32.0 24.9
Roslyn                     955.79052 -37.74108 0.810778 18.5 20.9
Seaford                   2278.84298 -23.81355 0.960965 24.7 21.8
Sewanhaka                 1847.67893 -12.24228 0.679869 24.4    M
Syosset                    967.53748 -40.20053 0.852975 20.1 20.6
Uniondale                 2185.68593   3.80367 0.090834 16.2 21.6
Valley Stream 30          1210.86906   8.96065 0.812344    M 18.1
Valley Stream 13          1400.80679 -20.43847 0.911633    M 22.7
Valley Stream 24          1265.46578 -25.59132 0.863135    M 20.0
Valley Stream Central     1923.94275 -14.45095 0.851918 26.1    M
Wantagh                   2011.61376 -19.21852 0.962634 21.1 19.6
West Hempstead            1576.50687 -16.28750 0.823718 23.7 22.5
Westbury                  1492.42330  -2.65165 0.068671 15.1 21.9
